{
    "labelHistograms": {
        "type_id": "opencv-matrix",
        "rows": 14,
        "cols": 32,
        "dt": "u",
        "data": [ 0, 0, 0, 0, 0, 0, 0, 0, 0, 0, 0, 0, 0, 0, 0, 0, 0, 0,
            0, 0, 0, 0, 0, 0, 0, 0, 0, 0, 0, 0, 0, 0, 0, 20, 30, 30, 20,
            20, 30, 30, 40, 40, 40, 10, 0, 0, 0, 0, 0, 0, 0, 0, 0, 0, 0,
            0, 0, 0, 0, 0, 0, 0, 0, 0, 0, 20, 30, 30, 20, 20, 30, 30, 40,
            50, 40, 0, 0, 0, 0, 0, 0, 0, 0, 0, 0, 0, 0, 0, 0, 0, 0, 0, 0,
            0, 0, 0, 10, 30, 30, 30, 20, 20, 30, 30, 40, 50, 40, 0, 0, 0,
            0, 0, 0, 0, 0, 0, 0, 0, 0, 0, 0, 0, 0, 0, 0, 0, 0, 0, 0, 0,
            10, 20, 30, 20, 30, 30, 50, 50, 40, 0, 0, 0, 0, 0, 0, 0, 0,
            0, 0, 0, 0, 0, 0, 0, 0, 0, 0, 0, 0, 0, 10, 40, 40, 30, 20,
            20, 20, 20, 30, 40, 40, 10, 0, 0, 0, 0, 0, 0, 0, 0, 0, 0, 0,
            0, 0, 0, 0, 0, 0, 0, 0, 0, 10, 60, 40, 30, 20, 10, 20, 20,
            20, 30, 30, 0, 0, 0, 0, 0, 0, 0, 0, 0, 0, 0, 0, 0, 0, 0, 0,
            0, 0, 0, 0, 0, 0, 10, 30, 40, 30, 20, 30, 30, 30, 40, 40, 0,
            0, 0, 0, 0, 0, 0, 0, 0, 0, 0, 0, 0, 0, 0, 0, 0, 0, 0, 0, 0,
            10, 30, 30, 30, 30, 20, 30, 30, 40, 40, 30, 0, 0, 0, 0, 0, 0,
            0, 0, 0, 0, 0, 0, 0, 0, 0, 0, 0, 0, 0, 0, 0, 20, 40, 30, 30,
            20, 20, 20, 20, 40, 40, 30, 0, 0, 0, 0, 0, 0, 0, 0, 0, 0, 0,
            0, 0, 0, 0, 0, 0, 0, 0, 0, 0, 10, 40, 30, 40, 30, 20, 30, 30,
            30, 40, 30, 0, 0, 0, 0, 0, 0, 0, 0, 0, 0, 0, 0, 0, 0, 0, 0,
            0, 0, 0, 0, 0, 60, 50, 20, 20, 10, 10, 10, 10, 20, 20, 30,
            10, 0, 0, 0, 0, 0, 0, 0, 0, 0, 0, 0, 0, 0, 0, 0, 0, 0, 0, 0,
            20, 20, 30, 20, 30, 30, 20, 40, 30, 40, 40, 30, 0, 0, 0, 20,
            10, 10, 0, 0, 0, 0, 0, 0, 0, 0, 0, 0, 0, 0, 0, 0, 10, 30, 50,
            30, 30, 20, 10, 20, 20, 30, 30, 30, 0, 0, 0, 0, 0, 0, 0, 0,
            0, 0, 0, 0, 0, 0, 0, 0, 0, 0, 0, 0, 0 ]
    }
}
