{
    "labelHistograms": {
        "type_id": "opencv-matrix",
        "rows": 14,
        "cols": 128,
        "dt": "f",
        "data": [ 0.0, 0.0, 0.0, 0.0, 0.0, 0.0, 0.0, 0.0, 0.0, 0.0, 0.0,
            0.0, 0.0, 0.0, 0.0, 0.0, 0.0, 0.0, 0.0, 0.0, 0.0, 0.0, 0.0,
            0.0, 0.0, 0.0, 0.0, 0.0, 0.0, 0.0, 0.0, 0.0, 0.0, 0.0, 0.0,
            0.0, 0.0, 0.0, 0.0, 0.0, 0.0, 0.0, 0.0, 0.0, 0.0, 0.0, 0.0,
            0.0, 0.0, 0.0, 0.0, 0.0, 0.0, 0.0, 0.0, 0.0, 0.0, 0.0, 0.0,
            0.0, 0.0, 0.0, 0.0, 0.0, 0.0, 0.0, 0.0, 0.0, 0.0, 0.0, 0.0,
            0.0, 0.0, 0.0, 0.0, 0.0, 0.0, 0.0, 0.0, 0.0, 0.0, 0.0, 0.0,
            0.0, 0.0, 0.0, 0.0, 0.0, 0.0, 0.0, 0.0, 0.0, 0.0, 0.0, 0.0,
            0.0, 0.0, 0.0, 0.0, 0.0, 0.0, 0.0, 0.0, 0.0, 0.0, 0.0, 0.0,
            0.0, 0.0, 0.0, 0.0, 0.0, 0.0, 0.0, 0.0, 0.0, 0.0, 0.0, 0.0,
            0.0, 0.0, 0.0, 0.0, 0.0, 0.0, 0.0, 0.0, 0.0, 2.15940166e+000,
            3.96603060e+000, 3.97414398e+001, 0.0, 0.0, 0.0, 0.0, 0.0,
            0.0, 0.0, 0.0, 0.0, 0.0, 0.0, 0.0, 0.0, 0.0, 0.0, 0.0, 0.0,
            0.0, 0.0, 0.0, 0.0, 0.0, 0.0, 0.0, 0.0, 0.0, 0.0, 0.0, 0.0,
            0.0, 0.0, 0.0, 0.0, 0.0, 0.0, 0.0, 0.0, 0.0, 0.0, 0.0, 0.0,
            0.0, 0.0, 0.0, 0.0, 0.0, 0.0, 0.0, 0.0, 0.0, 0.0, 0.0, 0.0,
            0.0, 0.0, 0.0, 0.0, 0.0, 0.0, 0.0, 0.0, 4.27458733e-001,
            1.87868154e+000, 7.10958195e+000, 1.08062391e+001,
            1.23853025e+001, 8.78709030e+000, 1.29485855e+001,
            1.13194122e+001, 1.00660210e+001, 9.01238632e+000,
            5.94387722e+000, 9.29392529e+000, 1.08196545e+001,
            1.25444746e+001, 1.40856190e+001, 1.02591305e+001,
            1.62889519e+001, 1.73615265e+001, 1.79061394e+001,
            1.80950584e+001, 2.04669781e+001, 1.35031500e+001,
            9.78999233e+000, 2.10752106e+000, 2.90690750e-001,
            2.85075903e-001, 5.23951232e-001, 4.72313255e-001,
            4.19271290e-001, 2.09842801e-001, 1.50220320e-001,
            1.37545511e-001, 8.83542299e-002, 1.00504026e-001,
            9.45276842e-002, 5.44937216e-002, 6.13229498e-002,
            6.21705037e-003, 4.76235747e-002, 1.59670711e-002,
            1.18245892e-002, 7.67944520e-003, 1.17810047e-003, 0.0, 0.0,
            0.0, 0.0, 0.0, 0.0, 0.0, 0.0, 1.17810047e-003, 0.0, 0.0, 0.0,
            1.78894342e-003, 0.0, 1.78894342e-003, 0.0, 0.0, 0.0, 0.0,
            3.53430118e-003, 1.88496076e-002, 1.72854948e+000,
            3.39405346e+000, 3.98147888e+001, 0.0, 0.0, 0.0, 0.0, 0.0,
            0.0, 0.0, 0.0, 0.0, 0.0, 0.0, 0.0, 0.0, 0.0, 0.0, 0.0, 0.0,
            0.0, 0.0, 0.0, 0.0, 0.0, 0.0, 0.0, 0.0, 0.0, 0.0, 0.0, 0.0,
            0.0, 0.0, 0.0, 0.0, 0.0, 0.0, 0.0, 0.0, 0.0, 0.0, 0.0, 0.0,
            0.0, 0.0, 0.0, 0.0, 0.0, 0.0, 0.0, 0.0, 0.0, 0.0, 0.0, 0.0,
            0.0, 0.0, 0.0, 0.0, 0.0, 0.0, 0.0, 0.0, 2.53717303e-002,
            6.98337972e-001, 3.88969493e+000, 9.79911995e+000,
            1.29295874e+001, 8.26800156e+000, 1.19468746e+001,
            1.08168068e+001, 9.97700310e+000, 9.29070282e+000,
            5.72477245e+000, 8.95365524e+000, 9.85662842e+000,
            1.13214216e+001, 1.38196297e+001, 1.01990242e+001,
            1.66072598e+001, 1.93239365e+001, 1.99847794e+001,
            2.15389099e+001, 2.48087769e+001, 4.18111610e+000,
            5.12212329e-002, 1.41252372e-002, 1.03125079e-002,
            7.90296402e-003, 1.66942514e-002, 5.33053279e-002,
            1.96305823e+000, 1.57382417e+000, 3.70698184e-001,
            9.68871266e-002, 6.77976459e-002, 3.80049273e-002,
            1.37942061e-002, 8.73086229e-003, 6.80638757e-003,
            4.30152460e-004, 1.71874498e-003, 4.30152460e-004,
            4.30148444e-004, 0.0, 4.30152460e-004, 1.23186852e-003, 0.0,
            0.0, 0.0, 0.0, 0.0, 0.0, 4.30152460e-004, 0.0, 0.0, 0.0,
            4.30152460e-004, 0.0, 4.30152460e-004, 0.0, 0.0,
            4.06516604e-002, 0.0, 0.0, 0.0, 0.0, 2.26376629e+000,
            4.13150787e+000, 3.97201195e+001, 0.0, 0.0, 0.0, 0.0, 0.0,
            0.0, 0.0, 0.0, 0.0, 0.0, 0.0, 0.0, 0.0, 0.0, 0.0, 0.0, 0.0,
            0.0, 0.0, 0.0, 0.0, 0.0, 0.0, 0.0, 0.0, 0.0, 0.0, 0.0, 0.0,
            0.0, 0.0, 0.0, 0.0, 0.0, 0.0, 0.0, 0.0, 0.0, 0.0, 0.0, 0.0,
            0.0, 0.0, 0.0, 0.0, 0.0, 0.0, 0.0, 0.0, 0.0, 0.0, 0.0, 0.0,
            0.0, 0.0, 0.0, 0.0, 0.0, 0.0, 0.0, 0.0, 2.00376582e+000,
            3.36169577e+000, 7.78517962e+000, 1.28581743e+001,
            1.44409761e+001, 9.24645996e+000, 1.25850506e+001,
            1.13293209e+001, 9.98131466e+000, 9.02205276e+000,
            5.46030331e+000, 8.77384567e+000, 9.75007439e+000,
            1.09275675e+001, 1.29892464e+001, 9.63955116e+000,
            1.56870775e+001, 1.68507423e+001, 1.80515976e+001,
            2.03006058e+001, 2.57957478e+001, 6.86366844e+000,
            2.48057097e-001, 9.54828635e-002, 3.26202437e-002,
            6.66371435e-002, 1.78107008e-001, 1.88172430e-001,
            5.82951367e-001, 5.00096440e-001, 3.45987052e-001,
            1.65386766e-001, 1.55321375e-001, 1.36564136e-001,
            9.39246491e-002, 7.88265467e-002, 3.38091813e-002,
            1.50288669e-002, 1.63101219e-002, 8.78414884e-003,
            2.51635117e-003, 1.25817559e-003, 2.51635117e-003,
            2.51635117e-003, 0.0, 0.0, 1.25817559e-003, 0.0,
            1.25817559e-003, 3.77452653e-003, 2.51635117e-003,
            1.25817559e-003, 1.25817559e-003, 0.0, 7.54905306e-003,
            1.13235796e-002, 3.75144673e-003, 0.0, 0.0, 0.0, 0.0,
            1.25817559e-003, 4.15197909e-002, 1.83693632e-001,
            2.01808691e+000, 3.98013306e+000, 3.97487450e+001, 0.0, 0.0,
            0.0, 0.0, 0.0, 0.0, 0.0, 0.0, 0.0, 0.0, 0.0, 0.0, 0.0, 0.0,
            0.0, 0.0, 0.0, 0.0, 0.0, 0.0, 0.0, 0.0, 0.0, 0.0, 0.0, 0.0,
            0.0, 0.0, 0.0, 0.0, 0.0, 0.0, 0.0, 0.0, 0.0, 0.0, 0.0, 0.0,
            0.0, 0.0, 0.0, 0.0, 0.0, 0.0, 0.0, 0.0, 0.0, 0.0, 0.0, 0.0,
            0.0, 0.0, 0.0, 0.0, 0.0, 0.0, 0.0, 0.0, 0.0, 0.0, 0.0,
            3.05706239e-003, 1.18806502e-002, 2.69095361e-001,
            2.12292767e+000, 4.96434546e+000, 4.71778774e+000,
            9.04279900e+000, 1.06673374e+001, 1.12500067e+001,
            1.07077503e+001, 6.61230659e+000, 1.05474243e+001,
            1.22103214e+001, 1.40148792e+001, 1.59943295e+001,
            1.15353680e+001, 1.83629856e+001, 1.94451065e+001,
            2.04624462e+001, 2.13199368e+001, 2.36757317e+001,
            7.80255508e+000, 6.43075556e-002, 9.58069041e-003,
            2.75638374e-003, 5.55919623e-003, 1.10445339e-002,
            3.12132146e-002, 3.26257557e-001, 4.48619187e-001,
            2.54428685e-001, 5.95110655e-002, 4.94103096e-002,
            2.81513017e-002, 1.43269002e-002, 1.20345596e-002,
            6.66107424e-003, 2.74489890e-003, 2.37731403e-003,
            7.85289099e-004, 1.11883669e-003, 2.05251898e-004, 0.0, 0.0,
            2.05251898e-004, 0.0, 0.0, 0.0, 0.0, 0.0, 0.0, 0.0, 0.0, 0.0,
            0.0, 0.0, 4.18890006e-004, 4.18890006e-004, 0.0, 0.0, 0.0,
            0.0, 0.0, 0.0, 2.96307945e+000, 5.57226562e+000,
            3.94925079e+001, 0.0, 0.0, 0.0, 0.0, 0.0, 0.0, 0.0, 0.0, 0.0,
            0.0, 0.0, 0.0, 0.0, 0.0, 0.0, 0.0, 0.0, 0.0, 0.0, 0.0, 0.0,
            0.0, 0.0, 0.0, 0.0, 0.0, 0.0, 0.0, 0.0, 0.0, 0.0, 0.0, 0.0,
            0.0, 0.0, 0.0, 0.0, 0.0, 0.0, 0.0, 0.0, 0.0, 0.0, 0.0, 0.0,
            0.0, 0.0, 0.0, 0.0, 0.0, 0.0, 0.0, 0.0, 0.0, 0.0, 0.0, 0.0,
            0.0, 0.0, 0.0, 0.0, 1.30602276e+000, 7.21713352e+000,
            1.51137609e+001, 1.90309029e+001, 1.85619564e+001,
            1.10264111e+001, 1.50960398e+001, 1.25083694e+001,
            1.06201572e+001, 9.47958279e+000, 5.68177700e+000,
            8.93031883e+000, 9.48035717e+000, 1.01417675e+001,
            1.06709471e+001, 7.73402309e+000, 1.23797283e+001,
            1.36489887e+001, 1.48825645e+001, 1.65112705e+001,
            1.88415451e+001, 1.29505892e+001, 4.87519646e+000,
