{
    "labelHistograms": {
        "type_id": "opencv-matrix",
        "rows": 14,
        "cols": 32,
        "dt": "u",
        "data": [ 0, 0, 0, 0, 0, 0, 0, 0, 0, 0, 0, 0, 0, 0, 0, 0, 0, 0,
            0, 0, 0, 0, 0, 0, 0, 0, 0, 0, 0, 0, 0, 0, 3, 21, 25, 29, 23,
            18, 28, 29, 40, 43, 40, 14, 1, 1, 1, 0, 0, 0, 0, 0, 0, 0, 0,
            0, 0, 0, 0, 0, 0, 0, 0, 0, 1, 17, 26, 28, 24, 18, 26, 29, 44,
            51, 36, 0, 0, 0, 4, 1, 0, 0, 0, 0, 0, 0, 0, 0, 0, 0, 0, 0, 0,
            0, 0, 0, 6, 25, 29, 29, 24, 17, 25, 28, 40, 46, 40, 0, 0, 0,
            2, 1, 0, 0, 0, 0, 0, 0, 0, 0, 0, 0, 0, 0, 0, 0, 0, 0, 0, 3,
            12, 24, 26, 21, 32, 33, 46, 50, 38, 0, 0, 0, 1, 0, 0, 0, 0,
            0, 0, 0, 0, 0, 0, 0, 0, 0, 0, 0, 0, 0, 10, 41, 35, 33, 24,
            18, 24, 22, 31, 38, 38, 6, 0, 0, 0, 0, 0, 0, 0, 0, 0, 0, 0,
            0, 0, 0, 0, 0, 0, 0, 0, 0, 14, 64, 39, 30, 20, 14, 18, 16,
            22, 26, 28, 1, 0, 0, 0, 0, 0, 0, 0, 0, 0, 0, 0, 0, 0, 0, 0,
            0, 0, 0, 0, 0, 0, 10, 29, 40, 31, 21, 28, 25, 34, 40, 41, 0,
            0, 0, 0, 0, 0, 0, 0, 0, 0, 0, 0, 0, 0, 0, 0, 0, 0, 0, 0, 0,
            13, 28, 25, 29, 28, 23, 33, 30, 38, 42, 29, 1, 1, 1, 2, 1, 1,
            1, 0, 0, 0, 0, 0, 0, 0, 0, 0, 0, 1, 0, 0, 0, 23, 43, 26, 27,
            22, 15, 21, 24, 37, 42, 32, 0, 0, 0, 2, 1, 1, 1, 1, 0, 0, 0,
            0, 0, 0, 0, 0, 0, 0, 0, 0, 0, 7, 38, 33, 35, 29, 21, 28, 25,
            33, 38, 30, 1, 1, 1, 2, 1, 1, 0, 0, 0, 0, 0, 0, 0, 0, 0, 0,
            0, 0, 0, 0, 0, 62, 46, 21, 16, 11, 8, 12, 13, 19, 24, 31, 10,
            0, 0, 0, 0, 0, 0, 0, 0, 0, 0, 0, 0, 0, 0, 0, 0, 0, 1, 3, 17,
            23, 27, 21, 25, 25, 23, 35, 30, 36, 36, 28, 3, 1, 2, 21, 10,
            6, 4, 2, 2, 1, 1, 1, 1, 1, 1, 1, 1, 2, 1, 1, 5, 31, 52, 32,
            26, 19, 14, 19, 18, 26, 29, 29, 4, 0, 0, 0, 0, 0, 0, 0, 0, 0,
            0, 0, 0, 0, 0, 0, 0, 0, 0, 0, 1 ]
    }
}
