%YAML:1.0
---
labelFeatures: !!opencv-matrix
   rows: 14
   cols: 128
   dt: f
   data: [ 0., 0., 0., 0., 0., 0., 0., 0., 0., 0., 0., 0., 0., 0., 0.,
       0., 0., 0., 0., 0., 0., 0., 0., 0., 0., 0., 0., 0., 0., 0., 0.,
       0., 0., 0., 0., 0., 0., 0., 0., 0., 0., 0., 0., 0., 0., 0., 0.,
       0., 0., 0., 0., 0., 0., 0., 0., 0., 0., 0., 0., 0., 0., 0., 0.,
       0., 0., 0., 0., 0., 0., 0., 0., 0., 0., 0., 0., 0., 0., 0., 0.,
       0., 0., 0., 0., 0., 0., 0., 0., 0., 0., 0., 0., 0., 0., 0., 0.,
       0., 0., 0., 0., 0., 0., 0., 0., 0., 0., 0., 0., 0., 0., 0., 0.,
       0., 0., 0., 0., 0., 0., 0., 0., 0., 0., 0., 0., 0., 0., 0., 0.,
       0., 1.92213487e-002, 3.36891077e-002, 3.47089529e-001, 0., 0., 0.,
       0., 0., 0., 0., 0., 0., 0., 0., 0., 0., 0., 0., 0., 0., 0., 0.,
       0., 0., 0., 0., 0., 0., 0., 0., 0., 0., 0., 0., 0., 0., 0., 0.,
       0., 0., 0., 0., 0., 0., 0., 0., 0., 0., 0., 0., 0., 0., 0., 0.,
       0., 0., 0., 0., 0., 0., 0., 0., 0., 0., 9.22705221e-004,
       4.16434929e-003, 1.59306973e-002, 2.42794566e-002,
       2.78551728e-002, 1.98145583e-002, 2.92534195e-002,
       2.56071948e-002, 2.27555092e-002, 2.03240030e-002,
       1.33675244e-002, 2.10510250e-002, 2.44070049e-002,
       2.83014681e-002, 3.16823795e-002, 2.31051855e-002,
       3.67270261e-002, 3.90605144e-002, 4.04051952e-002,
       4.09922488e-002, 4.61832993e-002, 3.03846113e-002,
       2.19125357e-002, 4.69474401e-003, 6.52125280e-004,
       6.45500375e-004, 1.19083363e-003, 1.07373658e-003,
       9.52668954e-004, 4.76606278e-004, 3.41149571e-004,
       3.12430871e-004, 2.00725262e-004, 2.28196659e-004,
       2.14674568e-004, 1.23573904e-004, 1.39163400e-004,
       1.40802676e-005, 1.08067492e-004, 3.60738195e-005,
       2.68653639e-005, 1.74428424e-005, 2.67343944e-006, 0., 0., 0., 0.,
       0., 0., 0., 0., 2.67343944e-006, 0., 0., 0., 4.07564448e-006, 0.,
       4.07564448e-006, 0., 0., 0., 0., 8.02031900e-006, 4.27750310e-005,
       1.56118497e-002, 2.76636928e-002, 3.56724471e-001, 0., 0., 0., 0.,
       0., 0., 0., 0., 0., 0., 0., 0., 0., 0., 0., 0., 0., 0., 0., 0.,
       0., 0., 0., 0., 0., 0., 0., 0., 0., 0., 0., 0., 0., 0., 0., 0.,
       0., 0., 0., 0., 0., 0., 0., 0., 0., 0., 0., 0., 0., 0., 0., 0.,
       0., 0., 0., 0., 0., 0., 0., 0., 0., 6.10682473e-005,
       1.68260222e-003, 9.37922578e-003, 2.36505233e-002,
       3.12523693e-002, 2.00095829e-002, 2.88950838e-002,
       2.61523928e-002, 2.40645111e-002, 2.24478822e-002,
       1.38285533e-002, 2.16291398e-002, 2.38036569e-002,
       2.73532849e-002, 3.33823226e-002, 2.46295482e-002,
       4.01385948e-002, 4.67177927e-002, 4.82134521e-002,
       5.21898866e-002, 5.99702150e-002, 1.01035349e-002,
       1.24601560e-004, 3.42187486e-005, 2.47476273e-005,
       1.92337793e-005, 4.03581689e-005, 1.28970030e-004,
       4.73063067e-003, 3.79832555e-003, 8.96927842e-004,
       2.34975829e-004, 1.64868921e-004, 9.22072941e-005,
       3.33259450e-005, 2.11792103e-005, 1.64317098e-005,
       1.02744309e-006, 4.20840843e-006, 1.02744309e-006,
       1.03173636e-006, 0., 1.02744309e-006, 3.01640921e-006, 0., 0., 0.,
       0., 0., 0., 1.02744309e-006, 0., 0., 0., 1.02744309e-006, 0.,
       1.02744309e-006, 0., 0., 6.93774200e-005, 0., 0., 0., 0.,
       2.01731622e-002, 3.48109119e-002, 3.45015943e-001, 0., 0., 0., 0.,
       0., 0., 0., 0., 0., 0., 0., 0., 0., 0., 0., 0., 0., 0., 0., 0.,
       0., 0., 0., 0., 0., 0., 0., 0., 0., 0., 0., 0., 0., 0., 0., 0.,
       0., 0., 0., 0., 0., 0., 0., 0., 0., 0., 0., 0., 0., 0., 0., 0.,
       0., 0., 0., 0., 0., 0., 0., 0., 0., 4.57008369e-003,
       7.70077482e-003, 1.79176554e-002, 2.98614018e-002,
       3.37797925e-002, 2.16565710e-002, 2.95448638e-002,
       2.64879707e-002, 2.33243108e-002, 2.10105833e-002,
       1.27400141e-002, 2.04885527e-002, 2.27712989e-002,
       2.55310014e-002, 3.03207058e-002, 2.25699246e-002,
       3.67223322e-002, 3.94751057e-002, 4.21383604e-002,
       4.75040302e-002, 6.03445098e-002, 1.60834510e-002,
       5.79093234e-004, 2.19106732e-004, 7.54873981e-005,
       1.52203822e-004, 4.12863330e-004, 4.35755355e-004,
       1.35535817e-003, 1.16432225e-003, 8.04739189e-004,
       3.85880761e-004, 3.62988736e-004, 3.18705803e-004,
       2.19782232e-004, 1.85444180e-004, 7.91651255e-005,
       3.51542731e-005, 3.77436991e-005, 2.03026011e-005,
       5.72300678e-006, 2.86150339e-006, 5.72300678e-006,
       5.72300678e-006, 0., 0., 2.86150339e-006, 0., 2.86150339e-006,
       8.58450949e-006, 5.72300678e-006, 2.86150339e-006,
       2.86150339e-006, 0., 1.71690190e-005, 2.57535303e-005,
       8.85658756e-006, 0., 0., 0., 0., 2.86150339e-006, 9.44296116e-005,
       4.17779491e-004, 1.79803111e-002, 3.31581011e-002,
       3.48861635e-001, 0., 0., 0., 0., 0., 0., 0., 0., 0., 0., 0., 0.,
       0., 0., 0., 0., 0., 0., 0., 0., 0., 0., 0., 0., 0., 0., 0., 0.,
       0., 0., 0., 0., 0., 0., 0., 0., 0., 0., 0., 0., 0., 0., 0., 0.,
       0., 0., 0., 0., 0., 0., 0., 0., 0., 0., 0., 0., 0., 0., 0., 0.,
       0., 7.74333967e-006, 3.01187829e-005, 6.77212491e-004,
       5.35597419e-003, 1.25302598e-002, 1.19169876e-002,
       2.28512585e-002, 2.69644670e-002, 2.84713414e-002,
       2.70735752e-002, 1.67144518e-002, 2.66831424e-002,
       3.09005789e-002, 3.54932621e-002, 4.05315384e-002,
       2.92448606e-002, 4.65171784e-002, 4.92711365e-002,
       5.17236702e-002, 5.39879277e-002, 5.99240512e-002,
       1.97529793e-002, 1.63194054e-004, 2.44582116e-005,
       7.05377079e-006, 1.40753864e-005, 2.79538035e-005,
       7.88813923e-005, 8.28128192e-004, 1.13652495e-003,
       6.44660729e-004, 1.50725027e-004, 1.24975457e-004,
       7.11916873e-005, 3.62646642e-005, 3.04417445e-005,
       1.68442530e-005, 6.93150741e-006, 6.03336230e-006,
       1.98255361e-006, 2.84774069e-006, 5.26759436e-007, 0., 0.,
       5.26759436e-007, 0., 0., 0., 0., 0., 0., 0., 0., 0., 0., 0.,
       1.04815217e-006, 1.04815217e-006, 0., 0., 0., 0., 0., 0.,
       2.53590196e-002, 4.79500145e-002, 3.26690972e-001, 0., 0., 0., 0.,
       0., 0., 0., 0., 0., 0., 0., 0., 0., 0., 0., 0., 0., 0., 0., 0.,
       0., 0., 0., 0., 0., 0., 0., 0., 0., 0., 0., 0., 0., 0., 0., 0.,
       0., 0., 0., 0., 0., 0., 0., 0., 0., 0., 0., 0., 0., 0., 0., 0.,
       0., 0., 0., 0., 0., 0., 0., 0., 0., 2.92193331e-003,
       1.61815397e-002, 3.38875912e-002, 4.25838418e-002,
       4.15879190e-002, 2.46628840e-002, 3.38040031e-002,
       2.79824510e-002, 2.37812754e-002, 2.12431420e-002,
       1.27304932e-002, 1.99606493e-002, 2.12513488e-002,
       2.27320287e-002, 2.39587463e-002, 1.73225105e-002,
       2.77728438e-002, 3.05925496e-002, 3.33663933e-002,
       3.69132236e-002, 4.22537737e-002, 2.90557351e-002,
       1.08662546e-002, 7.32869783e-004, 6.42933010e-005,
       4.16911607e-005, 1.36172930e-005, 5.42321068e-005,
       3.19654355e-004, 1.56414084e-004, 1.57597693e-004,
       6.89839508e-005, 1.01697755e-004, 7.19041273e-005,
       3.98037992e-005, 2.88424581e-005, 4.80577728e-005,
       1.17299278e-005, 1.30796961e-005, 1.11923309e-005,
       3.79577068e-006, 0., 1.58683144e-006, 0., 0., 0., 0., 0., 0.,
       1.26525697e-006, 0., 0., 1.26525697e-006, 1.26525697e-006,
       5.17119815e-006, 8.96696838e-006, 3.00788870e-005,
       1.04525670e-005, 1.01220558e-005, 5.51593694e-005,
       2.02740885e-005, 7.01139725e-005, 2.01734860e-004,
       2.29976038e-004, 1.90777145e-002, 3.13068479e-002,
       3.49615455e-001, 0., 0., 0., 0., 0., 0., 0., 0., 0., 0., 0., 0.,
       0., 0., 0., 0., 0., 0., 0., 0., 0., 0., 0., 0., 0., 0., 0., 0.,
       0., 0., 0., 0., 0., 0., 0., 0., 0., 0., 0., 0., 0., 0., 0., 0.,
       0., 0., 0., 0., 0., 0., 0., 0., 0., 0., 0., 0., 0., 0., 0., 0.,
       0., 1.63846929e-003, 2.54287124e-002, 6.59870654e-002,
       6.56463057e-002, 5.22907376e-002, 2.70259678e-002,
       3.34033296e-002, 2.75020488e-002, 2.26612892e-002,
       1.93810910e-002, 1.08585572e-002, 1.71993244e-002,
