%YAML:1.0
---
labelFeatures: !!opencv-matrix
   rows: 14
   cols: 128
   dt: f
   data: [ 0., 0., 0., 0., 0., 0., 0., 0., 0., 0., 0., 0., 0., 0., 0.,
       0., 0., 0., 0., 0., 0., 0., 0., 0., 0., 0., 0., 0., 0., 0., 0.,
       0., 0., 0., 0., 0., 0., 0., 0., 0., 0., 0., 0., 0., 0., 0., 0.,
       0., 0., 0., 0., 0., 0., 0., 0., 0., 0., 0., 0., 0., 0., 0., 0.,
       0., 0., 0., 0., 0., 0., 0., 0., 0., 0., 0., 0., 0., 0., 0., 0.,
       0., 0., 0., 0., 0., 0., 0., 0., 0., 0., 0., 0., 0., 0., 0., 0.,
       0., 0., 0., 0., 0., 0., 0., 0., 0., 0., 0., 0., 0., 0., 0., 0.,
       0., 0., 0., 0., 0., 0., 0., 0., 0., 0., 0., 0., 0., 0., 0., 0.,
       0., 1.61955142e+000, 2.97452307e+000, 2.98060818e+001, 0., 0., 0.,
       0., 0., 0., 0., 0., 0., 0., 0., 0., 0., 0., 0., 0., 0., 0., 0.,
       0., 0., 0., 0., 0., 0., 0., 0., 0., 0., 0., 0., 0., 0., 0., 0.,
       0., 0., 0., 0., 0., 0., 0., 0., 0., 0., 0., 0., 0., 0., 0., 0.,
       0., 0., 0., 0., 0., 0., 0., 0., 0., 0., 4.98701781e-001,
       2.19179487e+000, 8.29451275e+000, 1.26072769e+001,
       1.44495192e+001, 1.02516050e+001, 1.51066818e+001,
       1.32059813e+001, 1.17436905e+001, 1.05144501e+001,
       6.93452263e+000, 1.08429127e+001, 1.26229286e+001,
       1.46352196e+001, 1.64332199e+001, 1.19689846e+001,
       1.90037746e+001, 2.02551117e+001, 2.08904934e+001,
       2.11109009e+001, 2.38781395e+001, 1.57536755e+001,
       1.14216566e+001, 2.45877433e+000, 3.39139163e-001,
       3.32588524e-001, 6.11276388e-001, 5.51032126e-001,
       4.89149809e-001, 2.44816586e-001, 1.75257012e-001,
       1.60469741e-001, 1.03079915e-001, 1.17254697e-001,
       1.10282294e-001, 6.35760054e-002, 7.15434402e-002,
       7.25322496e-003, 5.55608384e-002, 1.86282489e-002,
       1.37953535e-002, 8.95935204e-003, 1.37445040e-003, 0., 0., 0., 0.,
       0., 0., 0., 0., 1.37445040e-003, 0., 0., 0., 2.08710041e-003, 0.,
       2.08710041e-003, 0., 0., 0., 0., 4.12335154e-003, 2.19912063e-002,
       1.29641235e+000, 2.54554009e+000, 2.98610916e+001, 0., 0., 0., 0.,
       0., 0., 0., 0., 0., 0., 0., 0., 0., 0., 0., 0., 0., 0., 0., 0.,
       0., 0., 0., 0., 0., 0., 0., 0., 0., 0., 0., 0., 0., 0., 0., 0.,
       0., 0., 0., 0., 0., 0., 0., 0., 0., 0., 0., 0., 0., 0., 0., 0.,
       0., 0., 0., 0., 0., 0., 0., 0., 0., 2.96003483e-002,
       8.14727545e-001, 4.53797722e+000, 1.14323063e+001,
       1.50845165e+001, 9.64600182e+000, 1.39380188e+001,
       1.26196060e+001, 1.16398373e+001, 1.08391533e+001,
       6.67890120e+000, 1.04459305e+001, 1.14994001e+001,
       1.32083244e+001, 1.61229000e+001, 1.18988600e+001,
       1.93751335e+001, 2.25445919e+001, 2.33155746e+001,
       2.51287289e+001, 2.89435730e+001, 4.87796831e+000,
       5.97581044e-002, 1.64794419e-002, 1.20312590e-002,
       9.22012422e-003, 1.94766261e-002, 6.21895492e-002,
       2.29023457e+000, 1.83612812e+000, 4.32481229e-001,
       1.13034979e-001, 7.90972561e-002, 4.43390831e-002,
       1.60932411e-002, 1.01860054e-002, 7.94078503e-003,
       5.01844508e-004, 2.00520246e-003, 5.01844508e-004,
       5.01839851e-004, 0., 5.01844508e-004, 1.43717998e-003, 0., 0., 0.,
       0., 0., 0., 5.01844508e-004, 0., 0., 0., 5.01844508e-004, 0.,
       5.01844508e-004, 0., 0., 4.74269353e-002, 0., 0., 0., 0.,
       1.69782484e+000, 3.09863114e+000, 2.97900906e+001, 0., 0., 0., 0.,
       0., 0., 0., 0., 0., 0., 0., 0., 0., 0., 0., 0., 0., 0., 0., 0.,
       0., 0., 0., 0., 0., 0., 0., 0., 0., 0., 0., 0., 0., 0., 0., 0.,
       0., 0., 0., 0., 0., 0., 0., 0., 0., 0., 0., 0., 0., 0., 0., 0.,
       0., 0., 0., 0., 0., 0., 0., 0., 0., 2.33772659e+000,
       3.92197824e+000, 9.08270931e+000, 1.50012035e+001,
       1.68478050e+001, 1.07875366e+001, 1.46825581e+001,
       1.32175388e+001, 1.16448669e+001, 1.05257273e+001,
       6.37035370e+000, 1.02361526e+001, 1.13750858e+001,
       1.27488289e+001, 1.51541204e+001, 1.12461433e+001,
       1.83015900e+001, 1.96591988e+001, 2.10601959e+001,
       2.36840401e+001, 3.00950375e+001, 8.00761223e+000,
       2.89399922e-001, 1.11396663e-001, 3.80569510e-002,
       7.77433291e-002, 2.07791507e-001, 2.19534487e-001,
       6.80109859e-001, 5.83445787e-001, 4.03651536e-001,
       1.92951232e-001, 1.81208253e-001, 1.59324825e-001,
       1.09578744e-001, 9.19642895e-002, 3.94440442e-002,
       1.75336767e-002, 1.90284755e-002, 1.02481730e-002,
       2.93574273e-003, 1.46787136e-003, 2.93574273e-003,
       2.93574273e-003, 0., 0., 1.46787136e-003, 0., 1.46787136e-003,
       4.40361397e-003, 2.93574273e-003, 1.46787136e-003,
       1.46787136e-003, 0., 8.80722795e-003, 1.32108424e-002,
       4.37668758e-003, 0., 0., 0., 0., 1.46787136e-003, 4.84397560e-002,
       2.14309230e-001, 1.51356530e+000, 2.98509955e+000,
       2.98115616e+001, 0., 0., 0., 0., 0., 0., 0., 0., 0., 0., 0., 0.,
       0., 0., 0., 0., 0., 0., 0., 0., 0., 0., 0., 0., 0., 0., 0., 0.,
       0., 0., 0., 0., 0., 0., 0., 0., 0., 0., 0., 0., 0., 0., 0., 0.,
       0., 0., 0., 0., 0., 0., 0., 0., 0., 0., 0., 0., 0., 0., 0., 0.,
       0., 3.56657244e-003, 1.38607584e-002, 3.13944578e-001,
       2.47674870e+000, 5.79173613e+000, 5.50408506e+000,
       1.05499306e+001, 1.24452267e+001, 1.31250067e+001,
       1.24923763e+001, 7.71435738e+000, 1.23053284e+001,
       1.42453718e+001, 1.63506889e+001, 1.86600494e+001,
       1.34579296e+001, 2.14234829e+001, 2.26859570e+001,
       2.38728542e+001, 2.48732605e+001, 2.76216869e+001,
       9.10298061e+000, 7.50254691e-002, 1.11774709e-002,
       3.21578048e-003, 6.48572855e-003, 1.28852874e-002,
       3.64154167e-002, 3.80633801e-001, 5.23389041e-001,
       2.96833396e-001, 6.94295764e-002, 5.76453619e-002,
       3.28431875e-002, 1.67147182e-002, 1.40403192e-002,
       7.77125312e-003, 3.20238154e-003, 2.77353264e-003,
       9.16170597e-004, 1.30530947e-003, 2.39460525e-004, 0., 0.,
       2.39460525e-004, 0., 0., 0., 0., 0., 0., 0., 0., 0., 0., 0.,
       4.88705002e-004, 4.88705002e-004, 0., 0., 0., 0., 0., 0.,
       2.22230959e+000, 4.17919922e+000, 2.96193810e+001, 0., 0., 0., 0.,
       0., 0., 0., 0., 0., 0., 0., 0., 0., 0., 0., 0., 0., 0., 0., 0.,
       0., 0., 0., 0., 0., 0., 0., 0., 0., 0., 0., 0., 0., 0., 0., 0.,
       0., 0., 0., 0., 0., 0., 0., 0., 0., 0., 0., 0., 0., 0., 0., 0.,
       0., 0., 0., 0., 0., 0., 0., 0., 0., 1.52369308e+000,
       8.41998863e+000, 1.76327209e+001, 2.22027187e+001,
       2.16556149e+001, 1.28641462e+001, 1.76120453e+001,
       1.45930977e+001, 1.23901834e+001, 1.10595121e+001,
       6.62873936e+000, 1.04187050e+001, 1.10604153e+001,
       1.18320618e+001, 1.24494381e+001, 9.02302742e+000,
       1.44430161e+001, 1.59238176e+001, 1.73629913e+001,
       1.92631493e+001, 2.19818001e+001, 1.51090193e+001,
       5.68772888e+000, 3.83053064e-001, 3.33112441e-002,
       2.15976126e-002, 7.03332713e-003, 2.81203929e-002,
       1.65421903e-001, 8.11640248e-002, 8.18003789e-002,
       3.58890556e-002, 5.28573580e-002, 3.74396518e-002,
       2.06102729e-002, 1.48730464e-002, 2.50612348e-002,
       6.04598504e-003, 6.84929639e-003, 5.86195430e-003,
       1.96484779e-003, 0., 8.16227577e-004, 0., 0., 0., 0., 0., 0.,
       6.54949283e-004, 0., 0., 6.54949283e-004, 6.54949283e-004,
       2.67954194e-003, 4.64438973e-003, 1.56623609e-002,
       5.41882869e-003, 5.23959426e-003, 2.85451207e-002,
       1.04873087e-002, 3.62218432e-002, 1.03743307e-001,
       1.20249487e-001, 1.52374363e+000, 2.70383883e+000,
       2.98375683e+001, 0., 0., 0., 0., 0., 0., 0., 0., 0., 0., 0., 0.,
       0., 0., 0., 0., 0., 0., 0., 0., 0., 0., 0., 0., 0., 0., 0., 0.,
       0., 0., 0., 0., 0., 0., 0., 0., 0., 0., 0., 0., 0., 0., 0., 0.,
       0., 0., 0., 0., 0., 0., 0., 0., 0., 0., 0., 0., 0., 0., 0., 0.,
       0., 7.84500599e-001, 1.21871719e+001, 3.11462231e+001,
       3.10163498e+001, 2.46999817e+001, 1.29038410e+001,
       1.58556862e+001, 1.30318317e+001, 1.07560329e+001,
       9.18992615e+000, 5.18355322e+000, 8.17221737e+000,
